argument matrix 0
1.000000 2.000000 3.000000 4.000000 5.000000 6.000000 7.000000 8.000000 9.000000 10.000000 11.000000 12.000000 13.000000 14.000000 15.000000 16.000000 
0.500000 1.000000 1.500000 2.000000 2.500000 3.000000 3.500000 4.000000 4.500000 5.000000 5.500000 6.000000 6.500000 7.000000 7.500000 8.000000 
0.333333 0.666667 1.000000 1.333333 1.666667 2.000000 2.333333 2.666667 3.000000 3.333333 3.666667 4.000000 4.333333 4.666667 5.000000 5.333333 
0.250000 0.500000 0.750000 1.000000 1.250000 1.500000 1.750000 2.000000 2.250000 2.500000 2.750000 3.000000 3.250000 3.500000 3.750000 4.000000 
0.200000 0.400000 0.600000 0.800000 1.000000 1.200000 1.400000 1.600000 1.800000 2.000000 2.200000 2.400000 2.600000 2.800000 3.000000 3.200000 
0.166667 0.333333 0.500000 0.666667 0.833333 1.000000 1.166667 1.333333 1.500000 1.666667 1.833333 2.000000 2.166667 2.333333 2.500000 2.666667 
0.142857 0.285714 0.428571 0.571429 0.714286 0.857143 1.000000 1.142857 1.285714 1.428571 1.571429 1.714286 1.857143 2.000000 2.142857 2.285714 
0.125000 0.250000 0.375000 0.500000 0.625000 0.750000 0.875000 1.000000 1.125000 1.250000 1.375000 1.500000 1.625000 1.750000 1.875000 2.000000 
0.111111 0.222222 0.333333 0.444444 0.555556 0.666667 0.777778 0.888889 1.000000 1.111111 1.222222 1.333333 1.444444 1.555556 1.666667 1.777778 
0.100000 0.200000 0.300000 0.400000 0.500000 0.600000 0.700000 0.800000 0.900000 1.000000 1.100000 1.200000 1.300000 1.400000 1.500000 1.600000 
0.090909 0.181818 0.272727 0.363636 0.454545 0.545455 0.636364 0.727273 0.818182 0.909091 1.000000 1.090909 1.181818 1.272727 1.363636 1.454545 
0.083333 0.166667 0.250000 0.333333 0.416667 0.500000 0.583333 0.666667 0.750000 0.833333 0.916667 1.000000 1.083333 1.166667 1.250000 1.333333 
0.076923 0.153846 0.230769 0.307692 0.384615 0.461538 0.538462 0.615385 0.692308 0.769231 0.846154 0.923077 1.000000 1.076923 1.153846 1.230769 
0.071429 0.142857 0.214286 0.285714 0.357143 0.428571 0.500000 0.571429 0.642857 0.714286 0.785714 0.857143 0.928571 1.000000 1.071429 1.142857 
0.066667 0.133333 0.200000 0.266667 0.333333 0.400000 0.466667 0.533333 0.600000 0.666667 0.733333 0.800000 0.866667 0.933333 1.000000 1.066667 
0.062500 0.125000 0.187500 0.250000 0.312500 0.375000 0.437500 0.500000 0.562500 0.625000 0.687500 0.750000 0.812500 0.875000 0.937500 1.000000 

argument matrix 1
1.000000 2.000000 3.000000 4.000000 5.000000 6.000000 7.000000 8.000000 9.000000 10.000000 11.000000 12.000000 13.000000 14.000000 15.000000 16.000000 
0.500000 1.000000 1.500000 2.000000 2.500000 3.000000 3.500000 4.000000 4.500000 5.000000 5.500000 6.000000 6.500000 7.000000 7.500000 8.000000 
0.333333 0.666667 1.000000 1.333333 1.666667 2.000000 2.333333 2.666667 3.000000 3.333333 3.666667 4.000000 4.333333 4.666667 5.000000 5.333333 
0.250000 0.500000 0.750000 1.000000 1.250000 1.500000 1.750000 2.000000 2.250000 2.500000 2.750000 3.000000 3.250000 3.500000 3.750000 4.000000 
0.200000 0.400000 0.600000 0.800000 1.000000 1.200000 1.400000 1.600000 1.800000 2.000000 2.200000 2.400000 2.600000 2.800000 3.000000 3.200000 
0.166667 0.333333 0.500000 0.666667 0.833333 1.000000 1.166667 1.333333 1.500000 1.666667 1.833333 2.000000 2.166667 2.333333 2.500000 2.666667 
0.142857 0.285714 0.428571 0.571429 0.714286 0.857143 1.000000 1.142857 1.285714 1.428571 1.571429 1.714286 1.857143 2.000000 2.142857 2.285714 
0.125000 0.250000 0.375000 0.500000 0.625000 0.750000 0.875000 1.000000 1.125000 1.250000 1.375000 1.500000 1.625000 1.750000 1.875000 2.000000 
0.111111 0.222222 0.333333 0.444444 0.555556 0.666667 0.777778 0.888889 1.000000 1.111111 1.222222 1.333333 1.444444 1.555556 1.666667 1.777778 
0.100000 0.200000 0.300000 0.400000 0.500000 0.600000 0.700000 0.800000 0.900000 1.000000 1.100000 1.200000 1.300000 1.400000 1.500000 1.600000 
0.090909 0.181818 0.272727 0.363636 0.454545 0.545455 0.636364 0.727273 0.818182 0.909091 1.000000 1.090909 1.181818 1.272727 1.363636 1.454545 
0.083333 0.166667 0.250000 0.333333 0.416667 0.500000 0.583333 0.666667 0.750000 0.833333 0.916667 1.000000 1.083333 1.166667 1.250000 1.333333 
0.076923 0.153846 0.230769 0.307692 0.384615 0.461538 0.538462 0.615385 0.692308 0.769231 0.846154 0.923077 1.000000 1.076923 1.153846 1.230769 
0.071429 0.142857 0.214286 0.285714 0.357143 0.428571 0.500000 0.571429 0.642857 0.714286 0.785714 0.857143 0.928571 1.000000 1.071429 1.142857 
0.066667 0.133333 0.200000 0.266667 0.333333 0.400000 0.466667 0.533333 0.600000 0.666667 0.733333 0.800000 0.866667 0.933333 1.000000 1.066667 
0.062500 0.125000 0.187500 0.250000 0.312500 0.375000 0.437500 0.500000 0.562500 0.625000 0.687500 0.750000 0.812500 0.875000 0.937500 1.000000 

argument matrix 2
1.000000 0.000000 0.000000 0.000000 0.000000 0.000000 0.000000 0.000000 0.000000 0.000000 0.000000 0.000000 0.000000 0.000000 0.000000 0.000000 
0.000000 1.000000 0.000000 0.000000 0.000000 0.000000 0.000000 0.000000 0.000000 0.000000 0.000000 0.000000 0.000000 0.000000 0.000000 0.000000 
0.000000 0.000000 1.000000 0.000000 0.000000 0.000000 0.000000 0.000000 0.000000 0.000000 0.000000 0.000000 0.000000 0.000000 0.000000 0.000000 
0.000000 0.000000 0.000000 1.000000 0.000000 0.000000 0.000000 0.000000 0.000000 0.000000 0.000000 0.000000 0.000000 0.000000 0.000000 0.000000 
0.000000 0.000000 0.000000 0.000000 1.000000 0.000000 0.000000 0.000000 0.000000 0.000000 0.000000 0.000000 0.000000 0.000000 0.000000 0.000000 
0.000000 0.000000 0.000000 0.000000 0.000000 1.000000 0.000000 0.000000 0.000000 0.000000 0.000000 0.000000 0.000000 0.000000 0.000000 0.000000 
0.000000 0.000000 0.000000 0.000000 0.000000 0.000000 1.000000 0.000000 0.000000 0.000000 0.000000 0.000000 0.000000 0.000000 0.000000 0.000000 
0.000000 0.000000 0.000000 0.000000 0.000000 0.000000 0.000000 1.000000 0.000000 0.000000 0.000000 0.000000 0.000000 0.000000 0.000000 0.000000 
0.000000 0.000000 0.000000 0.000000 0.000000 0.000000 0.000000 0.000000 1.000000 0.000000 0.000000 0.000000 0.000000 0.000000 0.000000 0.000000 
0.000000 0.000000 0.000000 0.000000 0.000000 0.000000 0.000000 0.000000 0.000000 1.000000 0.000000 0.000000 0.000000 0.000000 0.000000 0.000000 
0.000000 0.000000 0.000000 0.000000 0.000000 0.000000 0.000000 0.000000 0.000000 0.000000 1.000000 0.000000 0.000000 0.000000 0.000000 0.000000 
0.000000 0.000000 0.000000 0.000000 0.000000 0.000000 0.000000 0.000000 0.000000 0.000000 0.000000 1.000000 0.000000 0.000000 0.000000 0.000000 
0.000000 0.000000 0.000000 0.000000 0.000000 0.000000 0.000000 0.000000 0.000000 0.000000 0.000000 0.000000 1.000000 0.000000 0.000000 0.000000 
0.000000 0.000000 0.000000 0.000000 0.000000 0.000000 0.000000 0.000000 0.000000 0.000000 0.000000 0.000000 0.000000 1.000000 0.000000 0.000000 
0.000000 0.000000 0.000000 0.000000 0.000000 0.000000 0.000000 0.000000 0.000000 0.000000 0.000000 0.000000 0.000000 0.000000 1.000000 0.000000 
0.000000 0.000000 0.000000 0.000000 0.000000 0.000000 0.000000 0.000000 0.000000 0.000000 0.000000 0.000000 0.000000 0.000000 0.000000 1.000000 

result matrix
16.000000 32.000000 48.000000 64.000000 80.000000 96.000000 112.000000 128.000000 144.000000 160.000000 176.000000 192.000000 208.000000 224.000000 240.000000 256.000000 
8.000000 16.000000 24.000000 32.000000 40.000000 48.000000 56.000000 64.000000 72.000000 80.000000 88.000000 96.000000 104.000000 112.000000 120.000000 128.000000 
5.333333 10.666667 16.000000 21.333333 26.666667 32.000000 37.333333 42.666667 48.000000 53.333333 58.666667 64.000000 69.333333 74.666667 80.000000 85.333333 
4.000000 8.000000 12.000000 16.000000 20.000000 24.000000 28.000000 32.000000 36.000000 40.000000 44.000000 48.000000 52.000000 56.000000 60.000000 64.000000 
3.200000 6.400000 9.600000 12.800000 16.000000 19.200000 22.400000 25.600000 28.800000 32.000000 35.200000 38.400000 41.600000 44.800000 48.000000 51.200000 
2.666667 5.333333 8.000000 10.666667 13.333333 16.000000 18.666667 21.333333 24.000000 26.666667 29.333333 32.000000 34.666667 37.333333 40.000000 42.666667 
2.285714 4.571429 6.857143 9.142857 11.428571 13.714286 16.000000 18.285714 20.571429 22.857143 25.142857 27.428571 29.714286 32.000000 34.285714 36.571429 
2.000000 4.000000 6.000000 8.000000 10.000000 12.000000 14.000000 16.000000 18.000000 20.000000 22.000000 24.000000 26.000000 28.000000 30.000000 32.000000 
1.777778 3.555556 5.333333 7.111111 8.888889 10.666667 12.444444 14.222222 16.000000 17.777778 19.555556 21.333333 23.111111 24.888889 26.666667 28.444444 
1.600000 3.200000 4.800000 6.400000 8.000000 9.600000 11.200000 12.800000 14.400000 16.000000 17.600000 19.200000 20.800000 22.400000 24.000000 25.600000 
1.454545 2.909091 4.363636 5.818182 7.272727 8.727273 10.181818 11.636364 13.090909 14.545455 16.000000 17.454545 18.909091 20.363636 21.818182 23.272727 
1.333333 2.666667 4.000000 5.333333 6.666667 8.000000 9.333333 10.666667 12.000000 13.333333 14.666667 16.000000 17.333333 18.666667 20.000000 21.333333 
1.230769 2.461538 3.692308 4.923077 6.153846 7.384615 8.615385 9.846154 11.076923 12.307692 13.538462 14.769231 16.000000 17.230769 18.461538 19.692308 
1.142857 2.285714 3.428571 4.571429 5.714286 6.857143 8.000000 9.142857 10.285714 11.428571 12.571429 13.714286 14.857143 16.000000 17.142857 18.285714 
1.066667 2.133333 3.200000 4.266667 5.333333 6.400000 7.466667 8.533333 9.600000 10.666667 11.733333 12.800000 13.866667 14.933333 16.000000 17.066667 
1.000000 2.000000 3.000000 4.000000 5.000000 6.000000 7.000000 8.000000 9.000000 10.000000 11.000000 12.000000 13.000000 14.000000 15.000000 16.000000 

